71 16 83 166 110 0.3703668763418415
65 50 75 250 165 0.254120838314555
65 120 70 100 66 0.013831094074683747
59 40 50 100 66 0.0033607528491161887
59 30 180 100 66 0.8407803079506575
273 57 171 142 94 0.1148302599746378
267 75 50 250 165 1.2417227010011898
267 83 83 166 110 0.5276035341627603
298 100 50 166 110 1.1172589876214474
298 57 271 142 94 0.6147474009452036
298 110 40 100 66 -0.0669356013804121
461 14 85 142 94 -0.020387980385031312
461 112 125 125 82 0.0763685934234406
307 160 140 200 132 -0.06670162169532023
307 50 112 125 82 0.016891019821673403
313 33 200 166 110 0.06348812852294383
475 57 185 142 94 0.6020281678939376
449 100 66 166 110 -0.041345588653477705
449 44 88 111 73 0.4284556859651394
449 220 10 100 66 -0.07050125986479472
449 220 70 100 66 0.04585398945424313
105 50 125 250 165 0.12985413271769897
105 188 188 111 73 -0.015516341912074516
111 40 60 200 132 1.2077543505753017
110 50 83 166 110 0.5212243621491917
110 120 110 100 66 0.22186818542081443
448 33 88 111 73 0.7141025966091288
448 10 190 100 66 0.7345136311279461
312 20 270 100 66 1.1362981771354326
474 57 142 142 94 1.1362869805660543
474 60 180 100 66 0.10495936064011158
460 66 166 111 73 0.9776380285171182
299 20 80 200 132 1.3383589423896973
299 22 88 111 73 0.5361668319860478
266 40 80 200 132 1.4943381589108355
500 330 10 100 66 -0.0767426009773855
500 100 110 100 66 1.1267943802664524
272 37 125 125 82 0.6331792884196465
58 22 22 111 73 0.5993411420996839
58 22 144 111 73 0.5102717374298811
58 22 255 111 73 0.4382374234728852
58 22 344 111 73 0.9997998651448432
64 100 150 125 82 1.2556536954265427
70 40 230 100 66 0.7419928512567795
66 50 83 166 110 0.6808623872909054
72 60 140 200 132 0.3603844068851041
72 311 11 111 73 -0.09199672331072772
264 0 242 142 94 1.0381298085145945
264 70 60 100 66 0.8734433837669204
270 60 60 200 132 0.6079125121197917
270 40 260 200 132 0.8984881386894008
270 100 285 142 94 0.4645799944194353
258 0 90 100 66 0.49540222126447375
258 10 280 100 66 0.3545686324235353
476 80 270 100 66 0.7829914412153132
304 16 83 166 110 0.6997042364085937
304 128 57 142 94 -0.0912199987068858
462 100 125 250 165 0.08837214632906054
462 212 137 125 82 0.012850615573307245
338 33 166 166 110 0.7076713554051244
489 66 66 333 220 0.7380877306917997
489 50 50 250 165 -0.07985334315753345
112 0 50 250 165 0.8347755455714303
112 16 50 166 110 0.19732982344188787
106 28 85 142 94 1.1460450014196644
107 33 33 333 220 0.31446365386473385
107 200 60 100 66 0.02484720896567172
113 14 114 142 94 1.5133251836349961
488 0 25 250 165 1.37409813747895
488 14 14 142 94 -0.08941903003087948
488 188 44 111 73 0.11430948464565915
488 40 230 100 66 0.11002812997385814
339 71 57 142 94 0.863393524720057
305 30 110 100 66 1.669176860917477
259 14 214 142 94 0.7459633414460889
259 175 287 125 82 -0.033384196297316926
271 50 116 166 110 0.5320188718545511
271 155 188 111 73 -0.004174597541941161
98 33 122 111 73 1.3867303664537607
73 128 200 142 94 -0.0747018576639702
67 25 25 250 165 1.8852793310871716
67 25 250 250 165 0.8305067424492938
67 142 71 142 94 0.017797100087011408
67 142 285 142 94 -0.009391128684950623
67 140 90 100 66 0.014604997736637593
63 250 33 166 110 0.7160825057943452
63 33 50 166 110 0.47580091740125496
63 33 200 166 110 1.0591115952875638
63 250 216 166 110 1.237457420395601
63 12 37 125 82 0.35730213213713125
63 310 50 100 66 0.06333992172359526
77 10 50 100 66 0.45192551876982634
88 0 225 250 165 0.7929830484397344
249 50 37 125 82 0.49900293280277896
249 12 200 125 82 0.8568347181821645
249 75 325 125 82 0.7984989345311417
261 37 162 125 82 1.022423438382507
275 0 88 111 73 0.28035956109443294
275 40 330 100 66 0.47203012701575187
329 22 166 111 73 1.4397757449066413
329 240 160 100 66 0.04741361902599639
329 280 160 100 66 0.06815460035022358
315 0 66 333 220 0.727108556400033
473 12 150 125 82 1.1811538939083865
467 50 237 125 82 0.47416919103824906
467 230 170 100 66 0.08856630807054966
301 33 133 333 220 1.0105794813378646
498 12 187 125 82 0.892331791989629
117 25 0 125 82 -0.02560941901220648
117 100 55 111 73 -0.04670320317941101
117 244 188 111 73 0.022094952320062866
103 85 0 142 94 0.7335130179484173
103 28 157 142 94 0.6084326635849839
103 50 170 100 66 0.10116486159548188
102 20 160 100 66 0.8327999501099503
116 171 14 142 94 0.0349264439331618
116 22 22 111 73 1.5601058418184133
116 90 220 100 66 1.0302582450015434
499 57 85 142 94 0.14910813869210227
466 0 133 333 220 0.2907731065075554
300 25 100 250 165 1.101694040718252
300 28 100 142 94 0.334795141849642
300 100 162 125 82 0.25978279187480613
314 40 80 100 66 0.5776104982100998
472 22 100 111 73 -0.07890661726563142
328 10 90 100 66 0.9882010216095516
328 70 180 100 66 0.04207316086167179
328 20 280 100 66 0.03500470277247203
274 70 130 100 66 0.4255811618662264
260 66 66 333 220 0.7727238938254546
248 22 55 111 73 0.49478357023961994
89 33 66 333 220 0.5491757908336998
76 33 100 166 110 0.8214268929548405
76 100 140 100 66 0.053800400027323114
62 66 83 166 110 0.5030033752440088
62 10 220 100 66 0.02513611298755336
48 44 111 111 73 0.5903555807408738
60 66 166 111 73 0.27686020525523425
276 120 20 200 132 0.1812752352171314
276 12 125 125 82 0.9920382311150115
262 100 50 250 165 0.8316659951769472
289 0 0 250 165 -0.05182350311838757
289 88 22 111 73 1.0698152304505593
289 55 366 111 73 0.948532952737243
458 62 237 125 82 0.7649605310943013
302 200 116 166 110 0.635987881828501
302 187 150 125 82 7.828850838631496e-05
302 270 130 100 66 0.10598630774027473
464 55 88 111 73 0.4803557000652292
470 42 142 142 94 0.16031808446441165
470 37 62 125 82 0.16854425142448193
470 177 266 111 73 -0.09523709386370083
470 70 150 100 66 0.6291785421441851
316 33 83 166 110 0.280965109225904
128 33 44 111 73 0.5768917859166498
100 14 28 142 94 1.296424654363797
100 214 28 142 94 0.890756722040118
100 14 171 142 94 0.775296494842892
100 200 242 142 94 0.7831295401352731
100 44 333 111 73 0.6705354715846612
100 80 190 100 66 -0.022805871253098964
114 33 211 111 73 0.8110027330544511
114 280 260 100 66 -0.034656359962583316
101 33 33 333 220 1.3013043600375935
101 185 100 142 94 0.05523920552417838
129 14 71 142 94 1.2728562030928048
129 25 300 125 82 1.1357536889739075
471 12 137 125 82 0.6211709496961744
317 20 130 100 66 1.5837377814068008
303 20 80 200 132 0.2917649302667016
465 25 100 250 165 1.1906685200836238
288 10 90 100 66 0.4924164396855817
263 33 66 333 220 0.3936400484468807
263 50 66 166 110 -0.06804290146550507
277 10 80 100 66 0.7614735541531799
277 50 300 100 66 0.5902357262650622
61 33 33 333 220 0.44002775716199327
61 150 100 166 110 -0.06000905970212855
75 16 216 166 110 0.4177437193442435
49 30 190 100 66 0.16248353360372736
12 55 244 111 73 0.6492147383910387
12 133 311 111 73 -0.0562391607639805
12 160 290 100 66 0.0054898684548234655
6 111 144 111 73 0.40313343952205294
210 0 66 333 220 0.48478369012674793
210 160 130 100 66 -0.034709580791887795
238 116 100 166 110 0.22735506423309548
364 33 33 333 220 1.0561138928694778
364 25 25 250 165 0.19150043790313998
416 83 150 166 110 0.979106197526467
416 111 177 111 73 -0.033162799093686246
416 10 250 100 66 0.13170325365296964
370 66 83 166 110 0.6120082725409377
358 0 150 250 165 0.6523819177530115
358 100 185 142 94 0.5535430087790214
358 55 155 111 73 0.1493714820856047
358 120 200 100 66 0.5414124978974701
166 0 150 166 110 -0.08928433071961361
172 50 75 250 165 1.4385694105409863
172 166 155 111 73 0.12254529859735097
199 22 144 111 73 0.2975430104164314
198 40 200 200 132 0.8320854661619261
198 12 200 125 82 -0.05206627291507626
167 42 28 142 94 1.0436751183740762
359 100 100 250 165 0.6089161154957683
359 133 116 166 110 0.11847210817358
417 100 250 166 110 0.1093529891262337
417 137 62 125 82 0.11384350551913958
417 22 88 111 73 1.2807486616520327
417 11 322 111 73 0.6676788256085286
417 150 300 100 66 0.018455321260113955
371 28 100 142 94 1.1047900735895126
371 10 90 100 66 0.07704364402911335
365 33 111 111 73 0.13179975443769276
403 80 60 200 132 1.0534323106190557
239 11 288 111 73 0.9833722285608433
205 71 171 142 94 0.2966229005077361
211 166 66 166 110 0.03018187492937141
211 85 85 142 94 -0.08617922615851548
211 28 271 142 94 0.49833044119776115
211 50 280 100 66 -0.025764133570138625
7 33 66 333 220 0.4440369089042191
7 183 166 166 110 -0.008938326174913414
13 87 137 125 82 1.272699914316651
11 33 33 333 220 0.6799473439459645
39 33 66 333 220 0.6037827344570994
39 50 50 250 165 -0.024432678787104756
39 50 50 166 110 -0.04804450295603946
39 90 160 100 66 0.0541652174882401
207 33 222 111 73 1.246019109309219
207 210 20 100 66 0.10331965376693475
213 25 137 125 82 0.6939029044530924
373 80 120 200 132 1.0816119228880616
373 160 150 100 66 -0.026630192049866608
415 20 100 200 132 0.8508467322063522
401 100 112 125 82 1.2630998095997183
367 25 50 250 165 0.9232588359775011
429 11 300 111 73 0.5300983834210884
398 16 83 166 110 0.4481550917370516
398 150 187 125 82 -0.0325530459576413
398 44 111 111 73 -0.015955807398978727
398 340 100 100 66 0.24571992130523324
165 150 83 166 110 0.1488706634763357
159 0 33 333 220 1.0321962232119342
158 0 66 333 220 0.15103332418180226
164 0 150 166 110 0.7211908000765641
164 50 160 100 66 -0.06884394775533043
399 20 80 200 132 1.0841822322220223
428 10 110 100 66 1.1605350316545158
428 160 380 100 66 0.054528466966707434
400 12 175 125 82 0.9767814976134153
366 28 128 142 94 0.1595951181217119
372 40 120 200 132 0.08248512836663036
372 300 130 100 66 0.026770728168775015
212 25 150 125 82 1.7912722948743536
212 200 188 111 73 0.19404011121245457
206 50 100 250 165 0.76545021232302
206 210 160 100 66 0.06956239458603886
10 0 140 100 66 0.31312659044546365
28 20 60 100 66 0.8355987689364506
28 60 210 100 66 1.0442679184829728
28 60 330 100 66 1.0971808352361085
14 50 150 125 82 0.6236234262478613
202 116 0 166 110 0.22097579546817148
202 183 100 166 110 0.9813515781121582
202 233 133 111 73 0.012990990008419523
216 33 150 166 110 0.6333440816696223
216 87 62 125 82 0.4520432166607753
216 77 166 111 73 0.19504952421236155
438 16 166 166 110 0.718171966364725
410 33 66 166 110 0.011637417011738371
410 83 233 166 110 0.8243899970287663
376 71 142 142 94 1.0659710017471786
362 0 100 200 132 0.07151243795087492
389 183 333 166 110 -0.08702039472044554
389 100 125 125 82 0.4272954007947076
389 230 130 100 66 0.24523449035687062
148 71 171 142 94 0.9973680175085535
174 33 33 333 220 0.2732388629666378
174 242 100 142 94 -0.09733705252267022
174 150 30 100 66 0.002070511172015621
160 0 33 333 220 0.9375569996685735
160 171 114 142 94 0.08496595563005993
161 28 185 142 94 0.0015329450648406961
149 25 275 125 82 1.5783670960252865
149 20 300 100 66 0.2720478854635582
388 14 100 142 94 0.8870723477291556
388 0 344 111 73 0.6049129690863184
388 30 110 100 66 0.9038034520359881
363 50 150 166 110 0.9458548956595516
363 50 140 100 66 0.08276200017493363
377 66 66 333 220 0.4482393742587911
439 22 122 111 73 1.6280746665992325
217 20 120 200 132 0.9427334370210056
217 50 125 125 82 -0.01615629718537903
203 33 150 166 110 0.8813522654099346
203 33 200 111 73 -0.03824426262037761
15 133 83 166 110 0.04928677236617407
1 33 116 166 110 0.6146253483369781
29 0 114 142 94 1.3537702312614117
29 20 130 100 66 0.777136515718067
3 16 100 166 110 0.21410227131217408
229 50 25 250 165 1.0722289146320092
215 0 66 333 220 0.24963232120763745
201 40 100 100 66 -0.005939499890875943
349 0 33 333 220 0.5813870522700908
407 25 212 125 82 0.4465520002639476
361 40 60 200 132 0.5645135905367269
375 0 66 166 110 0.484257481105808
413 111 311 111 73 -0.04251869292915966
163 16 200 166 110 0.9512515315662817
177 33 188 111 73 0.05812913798514607
177 60 60 100 66 0.27888071191003494
177 30 320 100 66 0.7746750718970628
188 14 171 142 94 1.5544081137245538
188 177 211 111 73 0.09374460778380733
189 42 100 142 94 0.7638301411089055
176 80 100 200 132 1.1823422132191244
176 100 270 100 66 0.286273308257015
162 0 150 250 165 0.7318345833936251
162 12 212 125 82 0.10436612821708646
162 111 177 111 73 -0.04139150286913296
374 30 90 100 66 0.0586728195107975
412 137 12 125 82 0.1257752115698798
412 20 70 100 66 0.5170807162082545
412 30 170 100 66 0.7460440645367719
406 33 33 333 220 0.5071063987212776
360 33 33 333 220 1.0811963478108195
360 150 50 125 82 -0.04692769057848345
348 116 116 166 110 0.6000596492562531
348 166 144 111 73 0.0860805657342274
200 28 42 142 94 0.13234105644708727
214 33 66 333 220 0.8627132279839227
228 75 137 125 82 1.059908421987445
2 50 75 250 165 0.261178200774137
16 42 128 142 94 0.7860639643868099
16 222 277 111 73 1.001210240369022
33 50 100 250 165 0.33622539103028437
27 60 200 200 132 -0.05900073529073424
27 257 85 142 94 0.7943721742792347
27 228 200 142 94 0.3298479870766675
27 25 300 125 82 0.4226158433268834
27 20 140 100 66 1.0330043689387418
231 14 71 142 94 0.7387454291759861
231 80 90 100 66 0.11901741839702673
225 50 133 166 110 0.06651385801934762
219 12 200 125 82 0.7246533545287983
345 222 133 111 73 0.6906095301329058
437 0 200 166 110 0.2319391920136873
437 28 57 142 94 0.5478664418251906
351 22 311 111 73 1.0767990298973915
351 10 70 100 66 0.526017666018535
351 120 360 100 66 -0.07728996369348273
379 25 75 250 165 0.26983078903342683
379 62 150 125 82 0.010931627180247538
392 187 300 125 82 -0.03061264888278803
392 22 100 111 73 0.29415249008363453
147 83 116 166 110 0.02603657607566756
153 100 180 200 132 0.8074213836968278
190 33 83 166 110 0.4850743598236482
191 25 75 125 82 0.5860592113575356
185 0 50 250 165 1.3645426943970742
152 33 111 111 73 0.9245799701465556
146 42 200 142 94 0.7133264774264667
146 60 200 100 66 -0.041045359533787185
393 14 114 142 94 0.44244611934641487
387 57 128 142 94 0.6012137569486802
387 210 260 100 66 -0.0706180652663706
378 25 150 250 165 0.32233810648075245
378 14 171 142 94 0.04963263253821637
436 50 50 250 165 0.069250411742515
436 83 33 166 110 -0.058952260542533885
436 133 100 166 110 -0.08086466364153377
350 40 100 200 132 1.3586017840459235
350 114 128 142 94 -0.05091894329994506
344 28 200 142 94 0.05287655566808436
344 100 200 111 73 0.19533297088222934
422 0 200 200 132 0.4992704324410413
422 250 16 166 110 0.35284704162147573
422 16 33 166 110 0.9522732361475095
422 233 233 166 110 0.7521184059583552
422 62 237 125 82 0.15134066839820104
422 287 250 125 82 -0.055945867388667914
218 175 112 125 82 -0.061217414923073754
218 44 77 111 73 0.6932654707005748
218 50 220 100 66 1.1364228149104294
224 33 33 333 220 0.36275515483650356
230 0 33 333 220 0.5658083001314829
26 25 75 250 165 0.11214157793518087
32 100 66 166 110 0.7845461400926768
24 20 120 200 132 0.8286155165094398
24 88 155 111 73 0.055003539283799974
30 33 133 166 110 1.0762859750196467
30 77 155 111 73 -0.029188341495627768
30 11 277 111 73 0.5086926956797999
30 60 140 100 66 0.11745831380819727
18 0 33 333 220 0.3264748697392541
18 212 100 125 82 -0.08866326308912864
226 33 33 333 220 1.127696066809773
226 285 100 142 94 0.013501369878440528
232 20 120 200 132 0.4784133806922082
352 22 155 111 73 0.16439647066811602
434 83 100 166 110 1.1693505780360187
420 187 112 125 82 0.8520800269328817
420 62 125 125 82 0.018596905691553367
420 180 180 100 66 0.016400531818664632
346 33 166 166 110 1.3729299476994248
346 55 177 111 73 0.3744900457576126
408 50 75 250 165 0.9087932343536229
408 50 66 166 110 0.04913252597472617
408 166 133 111 73 0.07302549163335481
391 22 88 111 73 0.9523444112762176
385 33 66 333 220 1.0446216670253525
385 166 150 166 110 0.036898773608771585
150 20 110 100 66 0.5709354206774746
144 0 83 166 110 1.2268565935846496
178 50 166 166 110 0.3422202238284333
193 20 40 200 132 -0.08640373205628382
193 20 280 200 132 0.21441251863770372
193 110 100 100 66 -0.09200951612190256
187 142 71 142 94 0.7332056609766457
186 162 112 125 82 -0.09834034658027768
186 22 211 111 73 1.0161609023363303
179 50 75 250 165 0.2920235372487605
179 87 87 125 82 -0.08627052242682698
151 33 66 333 220 0.154578302517133
384 50 100 250 165 0.25674420733314296
384 166 133 166 110 -0.07483472210698139
390 40 60 200 132 0.3160030039590058
390 50 50 125 82 0.46502695180423537
409 50 25 250 165 0.5055678686203526
409 87 37 125 82 -0.06498899742034592
421 50 200 250 165 0.8721617960698671
421 200 250 100 66 0.13627719639176483
353 100 150 125 82 0.10040946972173792
435 30 90 100 66 0.8573466845198467
435 30 260 100 66 -0.03208881463072277
233 25 50 250 165 0.9017720439428318
233 80 100 200 132 0.039852590633973506
233 42 42 142 94 -0.0784986940050203
233 155 100 111 73 0.19876595969320476
227 50 125 250 165 -0.05143403586057271
227 157 157 142 94 0.07147975201596513
19 25 100 250 165 1.3937100108030478
19 157 128 142 94 0.10932167468182641
31 50 50 250 165 0.5186577646490287
31 50 116 166 110 0.03733546954062916
31 75 37 125 82 0.1502937788230252
25 0 33 333 220 0.12054483953262274
25 125 75 250 165 0.07688482656185958
25 200 100 142 94 -0.07484379079656556
9 77 111 111 73 -0.08575413071978932
21 62 112 125 82 0.654372012394302
35 28 171 142 94 0.775845888130811
35 122 66 111 73 1.1379095898530212
35 90 190 100 66 0.17568295221004693
223 20 110 100 66 0.4278898452529978
237 0 128 142 94 1.0339802905407227
237 75 200 125 82 0.5075474028959226
237 20 140 100 66 0.05395367911692528
419 25 250 125 82 1.3020762166200903
419 22 77 111 73 0.2591067019677711
431 42 200 142 94 0.2505907272169976
357 100 166 166 110 1.2071993710898035
343 75 50 250 165 0.5807877314246275
425 166 83 166 110 0.6483389335688736
425 233 111 111 73 0.0415243612026055
394 16 83 166 110 0.09413214335540854
380 66 66 333 220 0.43440245555143164
155 25 112 125 82 1.2180086457751047
141 40 160 200 132 0.5286058721160023
141 33 166 111 73 0.11184995732656677
196 28 142 142 94 0.7778978012887503
196 60 150 100 66 0.6536653086023874
182 33 33 333 220 1.3925547799216274
183 12 75 125 82 1.1124543380837073
197 20 100 100 66 0.9920776255776262
140 12 137 125 82 1.0721119647315138
140 20 270 100 66 0.22786837510007274
168 0 200 166 110 0.2704071075375909
395 14 142 142 94 0.7085496336035213
395 20 180 100 66 0.0027100028435027568
424 50 275 250 165 0.05051254414413631
424 20 220 100 66 1.1412231739600225
356 422 300 111 73 0.05847518809572083
418 0 333 166 110 -0.032592163859452405
418 22 122 111 73 0.18797288764855935
418 60 120 100 66 -0.09216890063948391
236 25 75 250 165 0.926447891731943
222 80 40 200 132 0.2159349447363983
222 142 71 142 94 -0.05448173531681899
34 120 170 100 66 1.3573310598126502
20 66 100 166 110 0.09106379302177103
20 237 37 125 82 0.30757006062398506
20 144 200 111 73 0.039626953359989336
20 60 110 100 66 -0.08861174755729007
22 0 150 250 165 0.43408621352341736
208 200 85 142 94 0.6591448054379461
234 25 100 250 165 0.6355062635684225
220 33 100 166 110 1.522475306513174
368 114 42 142 94 0.47046756026341185
368 166 133 111 73 0.01896786824982044
368 11 322 111 73 0.5295718002233167
368 180 70 100 66 -0.09545692767772973
340 187 112 125 82 -0.06190532382985037
340 140 60 100 66 0.0261422569931673
354 66 66 333 220 0.14118548217462656
354 100 50 166 110 -0.08751046322156508
383 37 100 125 82 0.9754790913145612
383 120 110 100 66 -0.09218903005789603
397 116 16 166 110 -0.03783429965179064
397 55 211 111 73 1.1432635609926365
142 25 100 250 165 0.8630413815959308
156 66 88 111 73 1.1270894719831306
156 30 290 100 66 0.8306682420629228
181 20 210 100 66 1.391770914973156
194 37 162 125 82 -0.06803068175060112
180 137 375 125 82 -0.028965550820698738
157 100 50 250 165 1.1101421435289867
157 212 112 125 82 -0.005426490913803761
143 33 33 333 220 0.5398730652422978
396 22 155 111 73 1.167681393485906
382 66 183 166 110 0.8434438155862196
382 162 200 125 82 0.06203352658994277
355 0 75 250 165 0.21052630068922884
355 112 150 125 82 0.09440832952838907
433 130 170 100 66 -0.05311879102588879
427 25 87 125 82 0.7894966528382659
341 22 122 111 73 0.4415988993993194
341 160 90 100 66 -0.04135571619162892
369 75 125 250 165 1.0693853177977175
369 222 155 111 73 -0.08331754216744969
221 0 50 250 165 0.6185311117383359
221 83 100 166 110 -0.09837325034351885
221 150 110 100 66 0.0602650172855963
235 10 260 100 66 1.263969932180184
209 0 75 250 165 0.4305247752662895
209 33 83 166 110 0.1529701817657756
23 140 60 200 132 -0.026580492368842634
23 200 250 166 110 1.3386421463134655
23 14 85 142 94 1.017266283909808
23 14 271 142 94 0.9194482237264827
23 237 87 125 82 0.10168992498003782
23 222 266 111 73 0.11920987951459949
23 210 70 100 66 0.0005290608641326244
23 40 90 100 66 -0.07415487363808904
37 28 142 142 94 -0.08792049216155196
50 187 150 125 82 0.17751283960456288
50 44 77 111 73 1.0882748677501999
44 50 75 250 165 0.7209127686806109
78 16 116 166 110 0.9195257816678017
78 80 140 100 66 0.2893193427257845
93 50 125 125 82 0.6901570925777927
87 14 71 142 94 0.30311520496808075
252 190 140 100 66 0.9872438078121784
246 28 185 142 94 1.0739000665184415
291 14 185 142 94 0.21409832662774608
291 0 70 100 66 1.107612544955816
291 110 200 100 66 -0.09484318678028814
291 20 300 100 66 1.1908977951474826
285 16 150 166 110 0.7378580338428469
440 50 66 166 110 0.777381502882668
440 28 257 142 94 0.642163443657453
326 33 66 333 220 0.7801010229069307
326 171 128 142 94 -0.003693217714086039
332 25 75 250 165 0.5766989244615823
454 100 50 250 165 1.1063312654814377
454 112 62 125 82 0.16775176347367804
483 142 157 142 94 -0.02673125931935072
497 33 100 166 110 0.650818521638878
497 180 70 100 66 0.03640153637364829
124 16 116 166 110 0.3745130989861165
130 50 266 166 110 1.5452752888955397
130 100 277 111 73 0.35590337873199296
118 25 112 125 82 1.27121680244118
119 85 100 142 94 -0.013710421888136537
119 30 130 100 66 0.7953862193515802
125 10 100 100 66 0.38157146701738665
496 33 33 333 220 0.6479162942857153
496 300 171 142 94 0.039017134338544146
496 133 166 111 73 -0.06472616075127746
482 50 112 125 82 0.5197645602643695
469 175 187 125 82 0.04983918596220427
469 33 133 111 73 0.6027769602618376
333 142 85 142 94 0.4190647208248528
333 155 211 111 73 0.9321032898023978
333 211 211 111 73 -0.007082054009696748
455 20 100 200 132 0.5352487628585996
441 28 28 142 94 0.8013628122873451
441 25 175 125 82 1.3223368152261346
441 37 325 125 82 1.4018799772594397
441 88 333 111 73 0.07361856413616064
441 40 30 100 66 0.08397603230099282
327 100 75 125 82 0.6022277468988042
284 50 50 250 165 0.8122728001257595
284 71 57 142 94 0.08726297791181459
290 0 125 250 165 0.048813111864048686
290 190 200 100 66 0.1389379131063011
247 16 50 166 110 0.4311749097967681
247 22 55 111 73 -0.04990881668932712
253 0 200 333 220 0.6217330109142063
253 33 216 166 110 0.1757956417991995
253 200 275 125 82 -0.057546829790147136
253 170 290 100 66 0.10039788428944796
86 33 100 166 110 0.868459908661193
86 111 122 111 73 -0.05445995590708286
86 50 90 100 66 0.07717657257793142
92 87 137 125 82 0.3297031119720151
45 14 257 142 94 0.4010945507322141
45 100 270 100 66 0.10110193533164935
51 37 225 125 82 0.47039085979064765
47 33 66 333 220 0.6095675546108206
47 222 133 111 73 -0.058773750235975974
53 25 75 250 165 0.6926082180787949
53 125 75 250 165 0.17948195487381824
53 33 66 166 110 -0.02025736547590906
84 20 110 100 66 0.6571956333880591
84 50 250 100 66 0.7436420218154893
90 75 75 250 165 1.017446199431717
245 137 87 125 82 0.1999245603394746
245 22 100 111 73 0.24767531822725797
245 90 100 100 66 -0.0895105045321607
279 150 150 100 66 0.8372643591795192
286 40 220 200 132 -0.004094665521347629
286 100 80 100 66 0.4176742442040471
286 70 210 100 66 0.06042076770732141
292 14 142 142 94 0.40098723897047783
457 14 114 142 94 1.2628700159988862
331 25 200 125 82 0.7460691240582058
331 11 44 111 73 1.1288315347968485
331 44 344 111 73 1.3875847466207434
325 50 112 125 82 0.9728462650547902
443 33 150 166 110 0.8432333643225434
443 270 220 100 66 0.015487811995177125
319 25 150 125 82 0.8307246984144401
319 333 11 111 73 0.09047761753237182
319 180 260 100 66 0.22441738306616354
494 71 100 142 94 0.4825102267859327
480 14 57 142 94 0.5071230508728215
480 30 60 100 66 0.1441965873452018
480 100 210 100 66 0.7482958421037251
480 90 320 100 66 0.6685694321739986
133 44 133 111 73 1.4137750671153233
133 66 244 111 73 0.4941061581555539
127 112 62 125 82 -0.05018180492445978
127 70 210 100 66 0.5897459534418532
127 90 350 100 66 0.403435293420241
126 0 25 250 165 0.9446651932205565
132 14 185 142 94 0.8976501099783345
132 33 88 111 73 0.9651367224876237
481 28 157 142 94 0.6759453305403547
495 25 75 250 165 0.44754268673115405
318 130 120 100 66 1.1805493816752017
330 25 150 125 82 0.803767553979541
293 25 75 250 165 0.399889449741222
293 200 122 111 73 0.11676720441421473
287 37 112 125 82 1.0714134635881987
278 80 100 200 132 0.9099450001178893
278 222 144 111 73 0.029233989476555422
250 33 288 111 73 1.1108040280549796
244 33 33 333 220 0.9886128232320237
91 42 100 142 94 0.7530083684054558
91 90 120 100 66 0.1868688464768491
85 75 50 250 165 0.689297067372328
85 66 116 166 110 0.204961066166379
52 11 133 111 73 0.54215601893209
46 55 200 111 73 0.8123420745199192
42 150 133 166 110 -0.05586680186674098
56 25 200 125 82 0.5516441585333407
56 112 200 125 82 -0.07247753704895832
81 33 100 333 220 0.6831194335516324
95 28 100 142 94 0.4211021158450725
268 33 33 333 220 0.71118831015652
268 25 100 250 165 -0.03384406416578578
240 40 60 200 132 0.1285930433489586
240 42 114 142 94 0.24982588207866296
254 87 150 125 82 0.8292980204810911
283 33 133 166 110 0.613983795564712
283 157 142 142 94 0.12502770796288765
283 110 170 100 66 -0.07614741961904414
308 22 177 111 73 0.4234614589816248
334 111 22 111 73 0.3556975962270732
334 80 350 100 66 1.0121599706825934
446 12 112 125 82 0.7898207573575098
320 50 50 250 165 1.042925731275651
491 155 111 111 73 1.238991564581677
122 11 111 111 73 0.12027011028327017
123 114 214 142 94 0.44106165614156456
484 25 50 250 165 0.3745025582063555
490 137 225 125 82 0.4977225924656361
447 25 100 250 165 0.8960836435461585
447 88 111 111 73 -0.0030543514975160946
321 16 116 166 110 0.9342929554316326
335 128 114 142 94 0.9601686572868129
335 111 144 111 73 0.26819187576925874
335 311 211 111 73 -0.05920378644098978
453 0 112 125 82 0.6740830616746019
309 100 50 250 165 0.22246468971809819
309 250 100 100 66 0.06144540945104726
296 42 57 142 94 1.5798624263856613
296 0 220 100 66 0.8750367931196115
255 12 112 125 82 0.9236634860626332
241 222 122 111 73 0.9011760174022747
269 0 83 166 110 0.6720839062203652
94 25 250 250 165 0.7672432844038442
94 162 287 125 82 -0.05609119555426201
80 60 240 200 132 0.15325071232315413
57 16 83 166 110 0.0592839123103408
57 28 185 142 94 0.07439714400539277
43 71 128 142 94 -0.09744260037576957
69 128 0 142 94 0.02380519489640509
69 33 311 111 73 1.4533465633548674
69 133 366 111 73 0.33183638427368134
69 20 70 100 66 0.7894447805788554
55 55 166 111 73 0.8388164290542237
41 11 100 111 73 1.427748774576549
41 110 30 100 66 -0.023535206046996215
96 0 100 333 220 -0.04349663870914888
96 33 100 166 110 0.011512473849305316
82 33 33 333 220 0.4583087803845345
82 144 66 111 73 0.04757110513182905
257 33 116 166 110 0.9690876548121361
243 12 250 125 82 1.086853270794406
243 30 60 100 66 0.41997291915536383
294 0 100 250 165 0.40032692918041146
280 37 200 125 82 0.5186689836000342
323 25 50 250 165 0.3094296289521239
323 175 100 125 82 -0.0006740215084022338
445 33 33 333 220 0.9146257597798408
337 33 133 111 73 1.0679749707578399
486 33 316 166 110 0.8238193904629743
486 125 325 125 82 0.4195917943286007
492 70 100 100 66 0.6373558433714068
109 33 83 166 110 0.21859888071778233
109 200 175 125 82 0.14436460985059885
121 14 142 142 94 0.38734935255742897
135 33 66 333 220 1.1388614310516934
134 50 75 250 165 0.5463482954534635
134 228 128 142 94 -0.020722873513669526
120 50 187 125 82 1.8486466943260647
108 44 100 111 73 0.33760945093145445
108 288 233 111 73 -0.02238042493349557
493 216 33 166 110 0.2174739825676939
493 71 100 142 94 0.10035305775681724
487 271 171 142 94 -0.061937693846438435
450 200 137 125 82 0.5000629363642881
336 0 33 333 220 0.39056714333653897
322 66 66 333 220 0.624894242737974
322 40 20 200 132 -0.08955055176836524
444 33 133 166 110 0.6162810569398038
478 30 90 100 66 0.4203035948811218
478 20 270 100 66 1.0265749525165564
281 114 57 142 94 0.04342491811624338
295 240 220 200 132 0.7505866491439308
295 16 33 166 110 1.2263913075872983
295 250 33 166 110 1.6239072323644672
295 16 216 166 110 1.276819273331168
295 320 250 100 66 0.026338626849638835
242 14 114 142 94 0.4961925426585845
256 50 100 250 165 0.6919551533804702
97 25 125 250 165 0.7494291199342138
40 0 100 200 132 0.9646286289901118
40 71 100 142 94 0.0549085512832983
54 66 155 111 73 1.276715927804485